5.990861723186644 19.595225754261442
25.11695684244735 13.747791659806706
44.24305196170806 7.900357565351971
63.36914708096877 2.052923470897234
82.49524220022947 -3.7945106235574997
101.62133731949018 -9.641944718012233
120.74743243875089 -15.489378812466974
139.8735275580116 -21.336812906921708
158.9996226772723 -27.18424700137644
178.12571779653302 -33.031681095831175
197.25181291579372 -38.87911519028591
216.37790803505445 -44.72654928474065
235.50400315431514 -50.57398337919539
254.63009827357584 -56.421417473650116
273.75619339283656 -62.26885156810486
292.88228851209726 -68.11628566255959
312.00838363135796 -73.96371975701433
331.1344787506187 -79.81115385146907
350.2605738698794 -85.65858794592378
369.3866689891401 -91.50602204037853
388.5127641084008 -97.35345613483327
407.6388592276615 -103.200890229288
426.76495434692225 -109.04832432374275
445.89104946618295 -114.89575841819749
465.01714458544365 -120.74319251265223
484.14323970470434 -126.59062660710694
11.981723446373287 39.190451508522884
31.107818565633995 33.34301741406815
50.2339136848947 27.495583319613413
69.36000880415541 21.648149225158676
88.48610392341612 15.800715130703942
107.61219904267682 9.953281036249209
126.73829416193755 4.105846941794468
145.86438928119824 -1.7415871526602658
164.99048440045894 -7.589021247114999
184.11657951971966 -13.436455341569733
203.24267463898036 -19.283889436024467
222.3687697582411 -25.131323530479207
241.49486487750178 -30.978757624933948
260.6209599967625 -36.826191719388675
279.7470551160232 -42.673625813843415
298.8731502352839 -48.52105990829814
317.9992453545446 -54.36849400275288
337.12534047380535 -60.21592809720762
356.25143559306605 -66.06336219166235
375.37753071232675 -71.91079628611709
394.50362583158744 -77.75823038057182
413.62972095084814 -83.60566447502656
432.7558160701089 -89.4530985694813
451.8819111893696 -95.30053266393604
471.0080063086303 -101.14796675839078
490.134101427891 -106.99540085284549
17.972585169559935 58.78567726278433
37.098680288820646 52.9382431683296
56.22477540808135 47.090809073874865
75.35087052734207 41.243374979420125
94.47696564660276 35.39594088496539
113.60306076586348 29.548506790510658
132.7291558851242 23.701072696055917
151.8552510043849 17.853638601601183
170.9813461236456 12.00620450714645
190.1074412429063 6.158770412691716
209.233536362167 0.3113363182369824
228.35963148142775 -5.536097776217758
247.48572660068845 -11.383531870672499
266.61182171994915 -17.230965965127226
285.73791683920984 -23.078400059581966
304.86401195847054 -28.925834154036693
323.99010707773124 -34.77326824849143
343.116202196992 -40.620702342946174
362.2422973162527 -46.4681364374009
381.3683924355134 -52.31557053185564
400.4944875547741 -58.16300462631037
419.6205826740348 -64.01043872076511
438.74667779329553 -69.85787281521985
457.87277291255623 -75.70530690967459
476.9988680318169 -81.55274100412933
496.1249631510776 -87.40017509858404
23.963446892746575 78.38090301704577
43.089542012007286 72.53346892259103
62.21563713126799 66.6860348281363
81.34173225052871 60.83860073368156
100.4678273697894 54.991166639226826
119.59392248905012 49.14373254477209
138.72001760831083 43.29629845031735
157.84611272757155 37.44886435586262
176.97220784683225 31.601430261407884
196.09830296609294 25.75399616695315
215.22439808535364 19.906562072498417
234.3504932046144 14.059127978043676
253.4765883238751 8.211693883588936
272.6026834431358 2.364259789134209
291.7287785623965 -3.4831743053205315
310.8548736816572 -9.330608399775258
329.9809688009179 -15.178042494229999
349.10706392017863 -21.02547658868474
368.23315903943933 -26.872910683139466
387.3592541587 -32.72034477759421
406.4853492779607 -38.56777887204893
425.6114443972214 -44.415212966503674
444.7375395164822 -50.262647060958415
463.86363463574287 -56.110081155413155
482.98972975500357 -61.957515249867896
502.11582487426426 -67.80494934432261
29.95430861593322 97.97612877130722
49.080403735193926 92.12869467685248
68.20649885445464 86.28126058239775
87.33259397371535 80.43382648794301
106.45868909297604 74.58639239348827
125.58478421223676 68.73895829903354
144.71087933149747 62.8915242045788
163.8369744507582 57.04409011012407
182.9630695700189 51.19665601566933
202.0891646892796 45.3492219212146
221.2152598085403 39.501787826759866
240.34135492780104 33.654353732305125
259.46745004706173 27.806919637850385
278.59354516632243 21.959485543395658
297.7196402855831 16.112051448940917
316.8457354048438 10.264617354486191
335.9718305241045 4.41718326003145
355.0979256433653 -1.4302508344232905
374.22402076262597 -7.277684928878017
393.35011588188667 -13.125119023332758
412.47621100114736 -18.972553117787484
431.60230612040806 -24.819987212242225
450.7284012396688 -30.667421306696966
469.8544963589295 -36.514855401151706
488.9805914781902 -42.36228949560645
508.1066865974509 -48.20972359006116
35.94517033911987 117.57135452556867
55.07126545838058 111.72392043111392
74.19736057764129 105.8764863366592
93.32345569690199 100.02905224220446
112.4495508161627 94.18161814774973
131.5756459354234 88.33418405329499
150.70174105468413 82.48674995884025
169.82783617394483 76.63931586438551
188.95393129320553 70.79188176993078
208.08002641246625 64.94444767547606
227.20612153172695 59.097013581021315
246.33221665098768 53.249579486566574
265.4583117702484 47.402145392111834
284.58440688950907 41.55471129765711
303.7105020087698 35.707277203202366
322.83659712803046 29.85984310874764
341.9626922472912 24.0124090142929
361.08878736655197 18.16497491983816
380.2148824858126 12.317540825383432
399.34097760507336 6.470106730928691
418.467072724334 0.6226726364739648
437.59316784359476 -5.224761457980776
456.7192629628555 -11.072195552435517
475.84535808211615 -16.919629646890257
494.9714532013769 -22.767063741344998
514.0975483206375 -28.61449783579971
41.93603206230651 137.1665802798301
61.06212718156722 131.31914618537536
80.18822230082793 125.47171209092063
99.31431742008863 119.62427799646589
118.44041253934934 113.77684390201117
137.56650765861005 107.92940980755642
156.69260277787077 102.08197571310168
175.81869789713147 96.23454161864694
194.94479301639217 90.38710752419222
214.0708881356529 84.53967342973749
233.1969832549136 78.69223933528275
252.32307837417432 72.84480524082801
271.449173493435 66.99737114637327
290.5752686126957 61.14993705191854
309.70136373195646 55.3025029574638
328.8274588512171 49.455068863009075
347.95355397047786 43.607634768554334
367.0796490897386 37.76020067409959
386.20574420899925 31.912766579644867
405.33183932826 26.065332485190126
424.45793444752064 20.2178983907354
443.5840295667814 14.370464296280659
462.71012468604215 8.523030201825918
481.8362198053028 2.6755961073711774
500.96231492456354 -3.1718379870835633
520.0884100438242 -9.019272081538276
47.92689378549315 156.76180603409153
67.05298890475386 150.9143719396368
86.17908402401457 145.06693784518205
105.30517914327527 139.2195037507273
124.43127426253598 133.3720696562726
143.5573693817967 127.52463556181786
162.68346450105741 121.67720146736312
181.8095596203181 115.82976737290838
200.9356547395788 109.98233327845365
220.06174985883953 104.13489918399893
239.18784497810023 98.28746508954418
258.31394009736096 92.44003099508944
277.44003521662165 86.5925969006347
296.56613033588235 80.74516280617998
315.6922254551431 74.89772871172524
334.81832057440374 69.05029461727051
353.9444156936645 63.20286052281577
373.07051081292525 57.35542642836103
392.1966059321859 51.5079923339063
411.32270105144664 45.66055823945156
430.4487961707073 39.813124144996834
449.57489128996804 33.965690050542094
468.7009864092288 28.118255956087353
487.82708152848943 22.270821861632612
506.9531766477502 16.42338776717787
526.0792717670108 10.57595367272316
53.9177555086798 176.357031788353
73.0438506279405 170.50959769389826
92.16994574720121 164.66216359944352
111.29604086646192 158.8147295049888
130.42213598572263 152.96729541053406
149.54823110498333 147.11986131607932
168.67432622424406 141.27242722162458
187.80042134350475 135.42499312716984
206.92651646276545 129.5775590327151
226.05261158202617 123.73012493826039
245.17870670128687 117.88269084380565
264.3048018205476 112.0352567493509
283.4308969398083 106.18782265489617
302.556992059069 100.34038856044144
321.68308717832974 94.4929544659867
340.80918229759044 88.64552037153197
359.93527741685114 82.79808627707723
379.0613725361119 76.95065218262249
398.1874676553726 71.10321808816776
417.3135627746333 65.25578399371302
436.439657893894 59.4083498992583
455.5657530131547 53.56091580480356
474.69184813241543 47.713481710348816
493.8179432516761 41.866047615894075
512.9440383709368 36.018613521439335
532.0701334901975 30.171179426984622
59.90861723186644 195.95225754261443
79.03471235112714 190.1048234481597
98.16080747038785 184.25738935370495
117.28690258964856 178.40995525925024
136.41299770890927 172.5625211647955
155.53909282816997 166.71508707034076
174.6651879474307 160.86765297588602
193.7912830666914 155.02021888143128
212.9173781859521 149.17278478697654
232.0434733052128 143.32535069252182
251.1695684244735 137.47791659806708
270.29566354373424 131.63048250361234
289.42175866299493 125.7830484091576
308.54785378225563 119.93561431470287
327.6739489015164 114.08818022024813
346.8000440207771 108.24074612579341
365.9261391400378 102.39331203133867
385.05223425929853 96.54587793688393
404.1783293785592 90.6984438424292
423.3044244978199 84.85100974797446
442.4305196170806 79.00357565351973
461.5566147363413 73.15614155906499
480.68270985560207 67.30870746461025
499.80880497486277 61.46127337015551
518.9349000941235 55.61383927570077
538.0609952133841 49.76640518124606
65.89947895505308 215.54748329687587
85.0255740743138 209.70004920242113
104.15166919357449 203.8526151079664
123.27776431283522 198.00518101351167
142.4038594320959 192.15774691905693
161.52995455135664 186.3103128246022
180.65604967061734 180.46287873014745
199.78214478987803 174.6154446356927
218.90823990913873 168.76801054123797
238.03433502839948 162.92057644678326
257.1604301476602 157.07314235232852
276.2865252669209 151.22570825787378
295.4126203861816 145.37827416341904
314.53871550544227 139.53084006896432
333.664810624703 133.68340597450958
352.7909057439637 127.83597188005484
371.9170008632244 121.9885377856001
391.04309598248517 116.14110369114536
410.16919110174587 110.29366959669063
429.29528622100656 104.4462355022359
448.42138134026726 98.59880140778117
467.54747645952796 92.75136731332643
486.6735715787887 86.90393321887169
505.7996666980494 81.05649912441694
524.9257618173101 75.2090650299622
544.0518569365707 69.36163093550749
71.89034067823974 235.14270905113733
91.01643579750045 229.2952749566826
110.14253091676116 223.44784086222785
129.26862603602186 217.6004067677731
148.39472115528258 211.7529726733184
167.52081627454328 205.90553857886366
186.64691139380398 200.05810448440891
205.7730065130647 194.21067038995417
224.8991016323254 188.36323629549946
244.02519675158612 182.51580220104472
263.1512918708468 176.66836810658998
282.2773869901075 170.82093401213524
301.40348210936827 164.9734999176805
320.5295772286289 159.12606582322576
339.65567234788966 153.27863172877102
358.78176746715036 147.4311976343163
377.90786258641106 141.58376353986156
397.0339577056718 135.73632944540682
416.1600528249325 129.8888953509521
435.2861479441932 124.04146125649736
454.4122430634539 118.19402716204263
473.5383381827146 112.34659306758789
492.66443330197535 106.49915897313315
511.79052842123605 100.65172487867841
530.9166235404967 94.80429078422367
550.0427186597574 88.95685668976895
77.88120240142638 254.73793480539877
97.00729752068709 248.89050071094402
116.1333926399478 243.04306661648928
135.2594877592085 237.19563252203454
154.38558287846922 231.34819842757983
173.51167799772992 225.5007643331251
192.63777311699062 219.65333023867035
211.76386823625134 213.8058961442156
230.88996335551204 207.9584620497609
250.01605847477276 202.11102795530616
269.14215359403346 196.26359386085142
288.26824871329416 190.41615976639667
307.3943438325549 184.56872567194193
326.52043895181555 178.7212915774872
345.6465340710763 172.87385748303245
364.772629190337 167.02642338857774
383.8987243095977 161.178989294123
403.02481942885845 155.33155519966826
422.15091454811915 149.48412110521355
441.27700966737984 143.6366870107588
460.40310478664054 137.78925291630406
479.52919990590124 131.94181882184932
498.655295025162 126.09438472739458
517.7813901444226 120.24695063293984
536.9074852636834 114.3995165384851
556.0335803829441 108.55208244403039
83.87206412461302 274.3331605596602
102.99815924387373 268.48572646520546
122.12425436313444 262.6382923707507
141.25034948239514 256.790858276296
160.37644460165586 250.94342418184127
179.50253972091656 245.09599008738653
198.62863484017726 239.24855599293178
217.75472995943798 233.40112189847704
236.88082507869868 227.55368780402233
256.0069201979594 221.7062537095676
275.1330153172201 215.85881961511285
294.2591104364808 210.0113855206581
313.38520555574155 204.16395142620337
332.5113006750022 198.31651733174863
351.63739579426294 192.4690832372939
370.76349091352364 186.62164914283917
389.88958603278434 180.77421504838443
409.0156811520451 174.9267809539297
428.1417762713058 169.07934685947498
447.2678713905665 163.23191276502024
466.3939665098272 157.3844786705655
485.5200616290879 151.53704457611076
504.64615674834863 145.68961048165602
523.7722518676094 139.84217638720128
542.89834698687 133.99474229274654
562.0244421061307 128.14730819829182
89.86292584779966 293.92838631392164
108.98902096706037 288.0809522194669
128.11511608632108 282.23351812501215
147.24121120558178 276.3860840305574
166.3673063248425 270.5386499361027
185.4934014441032 264.69121584164793
204.6194965633639 258.84378174719325
223.74559168262462 252.99634765273848
242.87168680188532 247.14891355828377
261.99778192114604 241.30147946382903
281.12387704040674 235.45404536937428
300.24997215966744 229.60661127491954
319.3760672789282 223.7591771804648
338.50216239818883 217.91174308601006
357.6282575174496 212.06430899155532
376.7543526367103 206.2168748971006
395.880447755971 200.36944080264587
415.00654287523173 194.52200670819113
434.1326379944924 188.67457261373642
453.2587331137531 182.82713851928168
472.3848282330138 176.97970442482693
491.5109233522745 171.1322703303722
510.63701847153527 165.28483623591745
529.7631135907959 159.4374021414627
548.8892087100567 153.58996804700797
568.0153038293174 147.74253395255326
95.8537875709863 313.52361206818307
114.97988269024701 307.67617797372833
134.10597780950772 301.8287438792736
153.23207292876842 295.98130978481885
172.35816804802914 290.1338756903641
191.48426316728984 284.2864415959094
210.61035828655054 278.4390075014546
229.73645340581126 272.59157340699994
248.86254852507196 266.7441393125452
267.9886436443327 260.89670521809046
287.1147387635934 255.04927112363572
306.2408338828541 249.20183702918098
325.36692900211483 243.35440293472624
344.49302412137547 237.5069688402715
363.6191192406362 231.65953474581676
382.7452143598969 225.81210065136204
401.8713094791576 219.9646665569073
420.99740459841837 214.11723246245256
440.12349971767907 208.26979836799785
459.24959483693976 202.4223642735431
478.37568995620046 196.57493017908837
497.50178507546116 190.72749608463363
516.6278801947219 184.8800619901789
535.7539753139827 179.03262789572415
554.8800704332433 173.1851938012694
574.006165552504 167.3377597068147
101.84464929417295 333.11883782244456
120.97074441343366 327.2714037279898
140.09683953269436 321.4239696335351
159.2229346519551 315.57653553908034
178.34902977121578 309.7291014446256
197.47512489047648 303.8816673501709
216.6012200097372 298.0342332557161
235.72731512899793 292.18679916126143
254.85341024825863 286.3393650668067
273.9795053675193 280.49193097235195
293.10560048678 274.6444968778972
312.2316956060408 268.79706278344247
331.35779072530147 262.94962868898773
350.48388584456217 257.102194594533
369.60998096382286 251.25476050007825
388.73607608308356 245.40732640562354
407.86217120234426 239.5598923111688
426.988266321605 233.71245821671405
446.1143614408657 227.86502412225934
465.2404565601264 222.0175900278046
484.3665516793871 216.17015593334986
503.4926467986478 210.32272183889512
522.6187419179086 204.47528774444038
541.7448370371693 198.62785364998564
560.87093215643 192.7804195555309
579.9970272756907 186.93298546107619
107.8355110173596 352.714063576706
126.9616061366203 346.86662948225126
146.087701255881 341.0191953877965
165.21379637514173 335.1717612933418
184.33989149440242 329.32432719888703
203.46598661366312 323.4768931044323
222.59208173292384 317.6294590099776
241.71817685218457 311.78202491552287
260.84427197144527 305.9345908210681
279.97036709070596 300.0871567266134
299.09646220996666 294.23972263215865
318.2225573292274 288.3922885377039
337.3486524484881 282.54485444324916
356.4747475677488 276.6974203487944
375.6008426870095 270.8499862543397
394.7269378062702 265.002552159885
413.8530329255309 259.1551180654302
432.97912804479165 253.3076839709755
452.10522316405235 247.46024987652078
471.23131828331304 241.61281578206604
490.35741340257374 235.7653816876113
509.48350852183444 229.91794759315655
528.6096036410952 224.0705134987018
547.735698760356 218.22307940424707
566.8617938796166 212.37564530979233
585.9878889988773 206.52821121533762
113.82637274054623 372.30928933096743
132.95246785980694 366.4618552365127
152.07856297906764 360.61442114205795
171.20465809832837 354.7669870476032
190.33075321758906 348.91955295314847
209.45684833684976 343.0721188586938
228.58294345611048 337.224684764239
247.7090385753712 331.3772506697843
266.8351336946319 325.52981657532956
285.9612288138926 319.6823824808748
305.0873239331533 313.8349483864201
324.21341905241405 307.98751429196534
343.33951417167475 302.1400801975106
362.46560929093545 296.29264610305586
381.59170441019614 290.4452120086011
400.71779952945684 284.5977779141464
419.84389464871754 278.7503438196917
438.9699897679783 272.9029097252369
458.096084887239 267.0554756307822
477.2221800064997 261.20804153632747
496.3482751257604 255.36060744187273
515.4743702450211 249.513173347418
534.6004653642818 243.66573925296325
553.7265604835426 237.8183051585085
572.8526556028032 231.97087106405377
591.978750722064 226.12343696959906
119.81723446373287 391.90451508522887
138.94332958299358 386.0570809907741
158.06942470225428 380.2096468963194
177.195519821515 374.36221280186464
196.3216149407757 368.5147787074099
215.4477100600364 362.66734461295516
234.57380517929712 356.8199105185005
253.69990029855785 350.97247642404574
272.82599541781855 345.125042329591
291.95209053707924 339.27760823513626
311.07818565633994 333.4301741406815
330.2042807756007 327.5827400462268
349.3303758948614 321.73530595177203
368.4564710141221 315.8878718573173
387.5825661333828 310.04043776286255
406.7086612526435 304.19300366840787
425.8347563719042 298.34556957395307
444.96085149116493 292.4981354794984
464.0869466104256 286.65070138504365
483.2130417296863 280.8032672905889
502.339136848947 274.95583319613417
521.4652319682077 269.1083991016794
540.5913270874685 263.2609650072247
559.7174222067292 257.41353091276994
578.8435173259899 251.5660968183152
597.9696124452506 245.7186627238605
125.80809618691951 411.4997408394903
144.93419130618022 405.65230674503556
164.06028642544092 399.8048726505808
183.18638154470165 393.9574385561261
202.31247666396234 388.11000446167134
221.43857178322304 382.26257036721665
240.56466690248376 376.41513627276186
259.6907620217445 370.5677021783072
278.8168571410052 364.72026808385243
297.9429522602659 358.8728339893977
317.0690473795266 353.02539989494295
336.19514249878733 347.1779658004882
355.32123761804803 341.33053170603347
374.4473327373087 335.4830976115787
393.5734278565694 329.635663517124
412.6995229758301 323.78822942266925
431.8256180950908 317.94079532821456
450.95171321435157 312.09336123375977
470.07780833361227 306.2459271393051
489.20390345287296 300.39849304485034
508.32999857213366 294.5510589503956
527.4560936913944 288.70362485594086
546.5821888106551 282.8561907614861
565.7082839299159 277.0087566670314
584.8343790491765 271.16132257257664
603.9604741684373 265.31388847812195
131.79895791010617 431.09496659375174
150.92505302936686 425.247532499297
170.0511481486276 419.40009840484225
189.1772432678883 413.5526643103875
208.30333838714898 407.7052302159328
227.4294335064097 401.85779612147803
246.55552862567043 396.01036202702335
265.68162374493113 390.1629279325686
284.8077188641918 384.31549383811387
303.9338139834525 378.4680597436591
323.0599091027133 372.6206256492044
342.186004221974 366.77319155474964
361.31209934123467 360.9257574602949
380.43819446049537 355.07832336584016
399.56428957975606 349.2308892713854
418.6903846990168 343.38345517693074
437.81647981827746 337.53602108247594
456.9425749375382 331.68858698802126
476.06867005679896 325.8411528935665
495.1947651760596 319.9937187991118
514.3208602953204 314.14628470465703
533.446955414581 308.2988506102023
552.5730505338418 302.45141651574755
571.6991456531025 296.6039824212928
590.8252407723631 290.7565483268381
609.9513358916239 284.90911423238333
137.7898196332928 450.69019234801317
156.9159147525535 444.84275825355843
176.04200987181423 438.9953241591037
195.16810499107493 433.14789006464895
214.29420011033562 427.3004559701942
233.42029522959635 421.4530218757395
252.54639034885707 415.6055877812847
271.67248546811777 409.75815368683004
290.79858058737847 403.9107195923753
309.92467570663916 398.06328549792056
329.0507708258999 392.2158514034658
348.1768659451606 386.3684173090111
367.3029610644213 380.52098321455634
386.429056183682 374.6735491201016
405.5551513029427 368.82611502564686
424.68124642220346 362.9786809311921
443.8073415414641 357.13124683673743
462.93343666072485 351.28381274228263
482.0595317799856 345.43637864782795
501.18562689924624 339.5889445533732
520.311722018507 333.74151045891847
539.4378171377676 327.89407636446373
558.5639122570284 322.046642270009
577.6900073762891 316.19920817555425
596.8161024955498 310.3517740810995
615.9421976148105 304.5043399866448
143.78068135647948 470.28541810227466
162.90677647574017 464.4379840078199
182.0328715950009 458.5905499133652
201.1589667142616 452.74311581891044
220.28506183352232 446.8956817244557
239.41115695278302 441.048247630001
258.5372520720437 435.2008135355462
277.6633471913044 429.35337944109153
296.78944231056516 423.5059453466368
315.91553742982586 417.65851125218205
335.04163254908656 411.8110771577273
354.1677276683473 405.96364306327257
373.29382278760795 400.11620896881783
392.4199179068687 394.2687748743631
411.5460130261294 388.42134077990835
430.6721081453901 382.5739066854536
449.7982032646508 376.7264725909989
468.92429838391155 370.8790384965441
488.05039350317224 365.03160440208944
507.17648862243294 359.1841703076347
526.3025837416936 353.33673621317996
545.4286788609543 347.4893021187252
564.554773980215 341.6418680242705
583.6808690994758 335.79443392981574
602.8069642187365 329.946999835361
621.9330593379972 324.0995657409063
149.7715430796661 489.88064385653604
168.89763819892678 484.0332097620813
188.0237333181875 478.18577566762656
207.1498284374482 472.3383415731718
226.2759235567089 466.4909074787171
245.40201867596963 460.6434733842624
264.52811379523035 454.7960392898076
283.65420891449105 448.9486051953529
302.78030403375175 443.10117110089817
321.90639915301244 437.25373700644343
341.0324942722732 431.4063029119887
360.1585893915339 425.55886881753395
379.2846845107946 419.7114347230792
398.4107796300553 413.86400062862447
417.536874749316 408.0165665341697
436.66296986857674 402.169132439715
455.7890649878374 396.3216983452603
474.91516010709813 390.4742642508055
494.0412552263589 384.6268301563508
513.1673503456195 378.7793960618961
532.2934454648803 372.93196196744134
551.4195405841409 367.0845278729866
570.5456357034017 361.23709377853186
589.6717308226624 355.3896596840771
608.7978259419231 349.5422255896224
627.9239210611838 343.6947914951677
155.76240480285276 509.47586961079753
174.88849992211345 503.6284355163428
194.01459504137418 497.78100142188805
213.14069016063488 491.9335673274333
232.2667852798956 486.08613323297857
251.3928803991563 480.2386991385239
270.518975518417 474.3912650440691
289.6450706376777 468.5438309496144
308.77116575693844 462.69639685515966
327.89726087619914 456.8489627607049
347.02335599545984 451.0015286662502
366.1494511147206 445.15409457179544
385.27554623398123 439.3066604773407
404.401641353242 433.45922638288596
423.5277364725027 427.6117922884312
442.6538315917634 421.7643581939765
461.7799267110241 415.9169240995218
480.9060218302848 410.069490005067
500.0321169495455 404.2220559106123
519.1582120688063 398.37462181615757
538.2843071880669 392.52718772170283
557.4104023073276 386.6797536272481
576.5364974265883 380.83231953279335
595.6625925458491 374.9848854383386
614.7886876651098 369.13745134388387
633.9147827843705 363.2900172494292
161.75326652603937 529.0710953650589
180.87936164530007 523.2236612706042
200.0054567645608 517.3762271761494
219.1315518838215 511.5287930816947
238.25764700308218 505.68135898723995
257.38374212234294 499.83392489278526
276.50983724160363 493.98649079833046
295.63593236086433 488.1390567038758
314.762027480125 482.29162260942104
333.8881225993857 476.4441885149663
353.0142177186465 470.59675442051156
372.1403128379072 464.7493203260568
391.26640795716787 458.9018862316021
410.39250307642857 453.05445213714734
429.51859819568926 447.2070180426926
448.64469331495 441.35958394823786
467.77078843421066 435.51214985378317
486.8968835534714 429.6647157593284
506.02297867273217 423.8172816648737
525.1490737919928 417.96984757041895
544.2751689112536 412.1224134759642
563.4012640305142 406.27497938150947
582.527359149775 400.4275452870547
601.6534542690357 394.5801111926
620.7795493882963 388.73267709814525
639.9056445075571 382.88524300369056
167.74412824922604 548.6663211193204
186.87022336848673 542.8188870248657
205.99631848774746 536.9714529304109
225.12241360700816 531.1240188359562
244.24850872626888 525.2765847415014
263.3746038455296 519.4291506470468
282.5006989647903 513.581716552592
301.62679408405097 507.7342824581373
320.7528892033117 501.88684836368253
339.8789843225724 496.0394142692278
359.0050794418331 490.19198017477305
378.13117456109387 484.3445460803183
397.2572696803545 478.49711198586357
416.38336479961526 472.6496778914088
435.50945991887596 466.8022437969541
454.63555503813666 460.95480970249935
473.76165015739736 455.10737560804466
492.8877452766581 449.25994151358987
512.0138403959188 443.4125074191352
531.1399355151796 437.56507332468044
550.2660306344402 431.7176392302257
569.3921257537008 425.87020513577096
588.5182208729616 420.0227710413162
607.6443159922223 414.1753369468615
626.7704111114831 408.32790285240674
645.8965062307437 402.48046875795205
173.73498997241268 568.2615468735818
192.86108509167337 562.4141127791271
211.9871802109341 556.5666786846723
231.1132753301948 550.7192445902176
250.23937044945552 544.8718104957628
269.3654655687162 539.0243764013081
288.4915606879769 533.1769423068533
307.6176558072376 527.3295082123987
326.74375092649836 521.4820741179439
345.86984604575906 515.6346400234892
364.99594116501976 509.7872059290344
384.1220362842805 503.9397718345797
403.24813140354115 498.09233774012495
422.3742265228019 492.2449036456702
441.5003216420626 486.39746955121547
460.6264167613233 480.5500354567607
479.752511880584 474.70260136230604
498.87860699984475 468.85516726785124
518.0047021191054 463.00773317339656
537.1307972383661 457.1602990789418
556.2568923576268 451.3128649844871
575.3829874768876 445.46543089003234
594.5090825961483 439.6179967955776
613.635177715409 433.77056270112286
632.7612728346696 427.9231286066681
651.8873679539304 422.07569451221343
179.72585169559932 587.8567726278433
198.85194681486 582.0093385333886
217.97804193412074 576.1619044389338
237.10413705338144 570.3144703444791
256.23023217264216 564.4670362500243
275.35632729190286 558.6196021555696
294.48242241116355 552.7721680611148
313.60851753042425 546.9247339666601
332.734612649685 541.0772998722053
351.8607077689457 535.2298657777507
370.9868028882064 529.3824316832959
390.11289800746715 523.5349975888412
409.2389931267278 517.6875634943865
428.36508824598855 511.8401293999317
447.49118336524924 505.99269530547696
466.61727848450994 500.1452612110222
485.74337360377064 494.29782711656753
504.8694687230314 488.45039302211273
523.9955638422921 482.60295892765805
543.1216589615528 476.7555248332033
562.2477540808135 470.90809073874857
581.3738492000741 465.06065664429383
600.4999443193349 459.2132225498391
619.6260394385956 453.36578845538435
638.7521345578564 447.5183543609296
657.878229677117 441.6709202664749
185.71671341878596 607.4519983821046
204.84280853804665 601.60456428765
223.96890365730738 595.7571301931952
243.09499877656808 589.9096960987405
262.2210938958288 584.0622620042857
281.3471890150895 578.214827909831
300.4732841343502 572.3673938153762
319.5993792536109 566.5199597209215
338.72547437287164 560.6725256264667
357.85156949213234 554.825091532012
376.97766461139304 548.9776574375574
396.1037597306538 543.1302233431026
415.22985484991443 537.2827892486478
434.3559499691752 531.4353551541931
453.4820450884359 525.5879210597384
472.6081402076966 519.7404869652836
491.7342353269573 513.8930528708289
510.86033044621803 508.0456187763741
529.9864255654787 502.19818468191943
549.1125206847394 496.3507505874647
568.2386158040001 490.50331649300995
587.3647109232609 484.6558823985552
606.4908060425216 478.80844830410047
625.6169011617823 472.9610142096457
644.7429962810429 467.113580115191
663.8690914003037 461.2661460207363
191.7075751419726 627.0472241363661
210.8336702612333 621.1997900419115
229.95976538049402 615.3523559474567
249.08586049975472 609.504921853002
268.21195561901544 603.6574877585472
287.33805073827614 597.8100536640925
306.46414585753683 591.9626195696377
325.59024097679753 586.115185475183
344.7163360960583 580.2677513807282
363.842431215319 574.4203172862735
382.9685263345797 568.5728831918188
402.09462145384043 562.725449097364
421.2207165731011 556.8780150029093
440.3468116923618 551.0305809084546
459.4729068116225 545.1831468139999
478.5990019308832 539.3357127195451
497.7250970501439 533.4882786250904
516.8511921694046 527.6408445306356
535.9772872886654 521.7934104361809
555.1033824079261 515.9459763417261
574.2294775271868 510.09854224727144
593.3555726464474 504.2511081528167
612.4816677657082 498.40367405836196
631.6077628849689 492.5562399639072
650.7338580042297 486.7088058694525
669.8599531234903 480.8613717749978
197.69843686515927 646.6424498906276
216.82453198441996 640.795015796173
235.9506271036807 634.9475817017181
255.07672222294138 629.1001476072635
274.2028173422021 623.2527135128087
293.3289124614628 617.405279418354
312.45500758072353 611.5578453238992
331.5811026999842 605.7104112294445
350.7071978192449 599.8629771349897
369.8332929385057 594.015543040535
388.9593880577663 588.1681089460803
408.0854831770271 582.3206748516255
427.21157829628777 576.4732407571707
446.33767341554847 570.6258066627161
465.4637685348092 564.7783725682614
484.58986365406986 558.9309384738066
503.7159587733306 553.0835043793519
522.8420538925914 547.2360702848971
541.968149011852 541.3886361904424
561.0942441311128 535.5412020959876
580.2203392503734 529.6937680015329
599.3464343696342 523.8463339070781
618.4725294888949 517.9988998126234
637.5986246081555 512.1514657181688
656.7247197274163 506.30403162371397
675.8508148466769 500.4565975292593
203.6892985883459 666.2376756448891
222.8153937076066 660.3902415504344
241.94148882686733 654.5428074559796
261.067583946128 648.695373361525
280.1936790653887 642.8479392670702
299.3197741846494 637.0005051726155
318.4458693039102 631.1530710781607
337.57196442317087 625.305636983706
356.69805954243157 619.4582028892512
375.8241546616923 613.6107687947965
394.95024978095296 607.7633347003418
414.0763449002137 601.915900605887
433.2024400194744 596.0684665114322
452.3285351387351 590.2210324169776
471.45463025799586 584.3735983225229
490.5807253772565 578.5261642280681
509.70682049651725 572.6787301336134
528.832915615778 566.8312960391586
547.9590107350386 560.9838619447039
567.0851058542994 555.1364278502491
586.21120097356 549.2889937557944
605.3372960928208 543.4415596613396
624.4633912120815 537.5941255668849
643.5894863313422 531.7466914724303
662.7155814506029 525.8992573779755
681.8416765698636 520.0518232835208
209.68016031153255 685.8329013991506
228.80625543079324 679.9854673046959
247.93235055005397 674.1380332102411
267.05844566931466 668.2905991157864
286.18454078857536 662.4431650213317
305.31063590783606 656.595730926877
324.4367310270968 650.7482968324222
343.5628261463575 644.9008627379675
362.6889212656182 639.0534286435127
381.81501638487896 633.205994549058
400.9411115041396 627.3585604546033
420.06720662340035 621.5111263601485
439.19330174266105 615.6636922656937
458.31939686192175 609.816258171239
477.4454919811825 603.9688240767844
496.57158710044314 598.1213899823296
515.6976822197039 592.2739558878749
534.8237773389646 586.4265217934201
553.9498724582253 580.5790876989654
573.075967577486 574.7316536045106
592.2020626967467 568.8842195100559
611.3281578160074 563.0367854156011
630.4542529352682 557.1893513211464
649.5803480545288 551.3419172266917
668.7064431737896 545.494483132237
687.8325382930502 539.6470490377823
215.6710220347192 705.428127153412
234.79711715397988 699.5806930589573
253.9232122732406 693.7332589645025
273.0493073925013 687.8858248700478
292.175402511762 682.038390775593
311.3014976310227 676.1909566811383
330.42759275028345 670.3435225866835
349.55368786954415 664.4960884922289
368.67978298880485 658.6486543977741
387.8058781080656 652.8012203033194
406.93197322732624 646.9537862088646
426.058068346587 641.1063521144099
445.1841634658477 635.2589180199552
464.3102585851084 629.4114839255004
483.43635370436914 623.5640498310457
502.5624488236298 617.7166157365909
521.6885439428905 611.8691816421363
540.8146390621513 606.0217475476815
559.9407341814119 600.1743134532268
579.0668293006727 594.326879358772
598.1929244199333 588.4794452643173
617.3190195391941 582.6320111698626
636.4451146584548 576.7845770754078
655.5712097777155 570.937142980953
674.6973048969762 565.0897088864983
693.8234000162369 559.2422747920436
221.66188375790585 725.0233529076735
240.78797887716655 719.1759188132188
259.91407399642725 713.328484718764
279.040169115688 707.4810506243093
298.1662642349487 701.6336165298545
317.2923593542094 695.7861824353998
336.4184544734701 689.938748340945
355.54454959273085 684.0913142464904
374.6706447119915 678.2438801520356
393.79673983125224 672.3964460575809
412.92283495051294 666.5490119631261
432.04893006977363 660.7015778686714
451.1750251890344 654.8541437742167
470.301120308295 649.0067096797619
489.4272154275558 643.1592755853072
508.5533105468165 637.3118414908524
527.6794056660772 631.4644073963977
546.8055007853379 625.616973301943
565.9315959045987 619.7695392074883
585.0576910238593 613.9221051130335
604.18378614312 608.0746710185788
623.3098812623807 602.2272369241241
642.4359763816415 596.3798028296693
661.5620715009022 590.5323687352145
680.6881666201629 584.6849346407598
699.8142617394235 578.8375005463051
227.65274548109247 744.6185786619349
246.77884060035316 738.7711445674802
265.9049357196139 732.9237104730254
285.0310308388746 727.0762763785707
304.1571259581353 721.2288422841159
323.283221077396 715.3814081896612
342.40931619665673 709.5339740952064
361.53541131591743 703.6865400007517
380.6615064351781 697.8391059062969
399.7876015544389 691.9916718118423
418.9136966736995 686.1442377173876
438.0397917929603 680.2968036229328
457.16588691222097 674.449369528478
476.29198203148167 668.6019354340233
495.4180771507424 662.7545013395686
514.5441722700031 656.9070672451138
533.6702673892638 651.0596331506591
552.7963625085246 645.2121990562043
571.9224576277852 639.3647649617496
591.048552747046 633.5173308672948
610.1746478663066 627.6698967728402
629.3007429855674 621.8224626783854
648.4268381048281 615.9750285839307
667.5529332240887 610.127594489476
686.6790283433495 604.2801603950212
705.8051234626101 598.4327263005665
233.64360720427914 764.2138044161964
252.76970232353983 758.3663703217417
271.89579744280053 752.5189362272869
291.0218925620613 746.6715021328322
310.147987681322 740.8240680383774
329.2740828005827 734.9766339439227
348.4001779198434 729.1291998494679
367.5262730391041 723.2817657550132
386.65236815836477 717.4343316605584
405.7784632776255 711.5868975661037
424.9045583968862 705.7394634716491
444.0306535161469 699.8920293771943
463.15674863540767 694.0445952827395
482.2828437546683 688.1971611882848
501.40893887392906 682.3497270938301
520.5350339931897 676.5022929993753
539.6611291124505 670.6548589049206
558.7872242317112 664.8074248104658
577.913319350972 658.9599907160111
597.0394144702326 653.1125566215563
616.1655095894932 647.2651225271017
635.291604708754 641.4176884326469
654.4176998280147 635.5702543381922
673.5437949472755 629.7228202437375
692.6698900665361 623.8753861492827
711.7959851857968 618.027952054828
239.63446892746575 783.8090301704577
258.7605640467265 777.961596076003
277.88665916598717 772.1141619815482
297.01275428524787 766.2667278870936
316.13884940450856 760.4192937926388
335.26494452376926 754.5718596981841
354.39103964303 748.7244256037293
373.5171347622907 742.8769915092746
392.6432298815514 737.0295574148198
411.76932500081216 731.1821233203651
430.8954201200728 725.3346892259103
450.02151523933355 719.4872551314556
469.14761035859425 713.639821037001
488.27370547785495 707.7923869425462
507.3998005971157 701.9449528480915
526.5258957163763 696.0975187536367
545.6519908356371 690.250084659182
564.7780859548978 684.4026505647272
583.9041810741585 678.5552164702725
603.0302761934192 672.7077823758177
622.1563713126799 666.860348281363
641.2824664319406 661.0129141869083
660.4085615512014 655.1654800924535
679.534656670462 649.3180459979988
698.6607517897228 643.4706119035441
717.7868469089834 637.6231778090894
245.62533065065242 803.4042559247192
264.7514257699131 797.5568218302645
283.8775208891738 791.7093877358097
303.00361600843456 785.8619536413551
322.12971112769526 780.0145195469003
341.25580624695596 774.1670854524456
360.38190136621665 768.3196513579908
379.5079964854774 762.4722172635361
398.63409160473805 756.6247831690813
417.7601867239988 750.7773490746266
436.8862818432595 744.9299149801718
456.0123769625202 739.0824808857171
475.13847208178095 733.2350467912624
494.2645672010416 727.3876126968077
513.3906623203023 721.540178602353
532.516757439563 715.6927445078982
551.6428525588237 709.8453104134435
570.7689476780845 703.9978763189887
589.8950427973452 698.150442224534
609.0211379166059 692.3030081300792
628.1472330358665 686.4555740356245
647.2733281551273 680.6081399411698
666.399423274388 674.760705846715
685.5255183936488 668.9132717522602
704.6516135129094 663.0658376578056
723.7777086321701 657.2184035633509
251.61619237383903 822.9994816789806
270.74228749309975 817.1520475845259
289.86838261236045 811.3046134900711
308.99447773162115 805.4571793956164
328.12057285088184 799.6097453011616
347.24666797014254 793.762311206707
366.3727630894033 787.9148771122522
385.498858208664 782.0674430177975
404.6249533279247 776.2200089233427
423.75104844718544 770.372574828888
442.8771435664461 764.5251407344333
462.00323868570683 758.6777066399785
481.12933380496753 752.8302725455237
500.2554289242282 746.982838451069
519.381524043489 741.1354043566143
538.5076191627496 735.2879702621595
557.6337142820104 729.4405361677049
576.7598094012711 723.5931020732501
595.8859045205318 717.7456679787954
615.0119996397925 711.8982338843406
634.1380947590532 706.0507997898859
653.2641898783139 700.2033656954311
672.3902849975747 694.3559316009764
691.5163801168353 688.5084975065217
710.6424752360961 682.6610634120669
729.7685703553567 676.8136293176123
257.6070540970257 842.5947074332421
276.7331492162864 836.7472733387874
295.8592443355471 830.8998392443326
314.98533945480784 825.0524051498779
334.11143457406854 819.2049710554231
353.23752969332924 813.3575369609684
372.36362481258993 807.5101028665136
391.4897199318507 801.662668772059
410.6158150511113 795.8152346776042
429.7419101703721 789.9678005831495
448.8680052896328 784.1203664886948
467.9941004088935 778.27293239424
487.1201955281542 772.4254982997852
506.24629064741487 766.5780642053305
525.3723857666756 760.7306301108758
544.4984808859363 754.883196016421
563.624576005197 749.0357619219664
582.7506711244578 743.1883278275116
601.8767662437185 737.3408937330569
621.0028613629792 731.4934596386021
640.1289564822398 725.6460255441474
659.2550516015006 719.7985914496926
678.3811467207613 713.9511573552379
